function res = DTy(~)
res = [0 0 0 0
       0 0 0 1
       0 0 0 0
       0 0 0 0];
end